4.284782676665423451e-01 2.629908245440587544e-01 -3.504119046859743292e-01 3.277441641013779106e-01 4.518128590524403965e-01 2.843216735163358599e-01 -1.003619980065093703e-01 1.790135789645520836e-01 2.807327489357184791e-01 9.159079793431675054e-03 -4.064396572100869437e-02 -1.589042838370941235e-01 -1.963799519167382934e-01 -2.012139350622689782e-01 7.138622376960825078e-02
-1.651821197736759728e-01 -3.310849298818792641e-01 9.982253532749617297e-02 -1.641230689523418551e-01 -1.786325610866857927e-01 4.281944552289959072e-01 -3.157352164325776256e-01 3.768136185476849143e-01 3.005234153577318601e-01 8.332968946781368208e-03 -1.324709574345994956e-01 1.709676953276961786e-01 2.158132888100891544e-01 -4.306665795109924644e-01 -6.932208082483237721e-03
-2.063461057049602587e-01 3.491406602767411216e-01 -4.190454400176640282e-01 -4.211942361477697960e-01 1.637599612745465824e-02 -3.495678349421279130e-03 7.921323516045375435e-02 -3.361903546014485822e-01 2.871686726875017359e-01 5.030151570794129043e-03 -3.177447330007051041e-01 9.682538365228750277e-02 1.016395470399172329e-01 -9.452858361019100819e-02 -3.883877760195825757e-01
-7.298063098983274821e-02 -9.685686477874826117e-02 1.380983288096661876e-01 -1.748865488711971727e-02 -1.058030901073124252e-01 -1.263433578331001617e-01 9.951984486668520591e-02 -5.337306744956078763e-02 -1.298874547520115497e-01 8.586036652124061364e-03 -6.577033627041926067e-01 -4.132050105240595017e-01 -4.068680336532122799e-01 -3.194969443804263065e-01 1.952672341702807179e-01
-5.709435538681016144e-03 6.955794260402243558e-03 -2.089674361629225720e-04 -6.836361033097983556e-03 -4.200291633333925329e-03 -3.932743185152796569e-03 7.031245204545742526e-03 5.804063428105970743e-03 -5.489800845597091888e-03 9.996746892249366301e-01 1.233755017266453639e-02 4.465067025251315443e-03 -1.455385018228384526e-03 9.748340416433966607e-03 1.034808425634911773e-02
2.172903387273379932e-03 1.037499198372252157e-01 -5.636706330516363939e-02 -3.573145925030574155e-02 1.598923550715959305e-02 6.355365439732650612e-02 5.595977565745208215e-01 7.688289607334624493e-03 1.336760265925191205e-01 -9.786195188035730352e-03 -1.378419692041288058e-01 3.149759946860469784e-01 2.805152232573339677e-01 -3.672603202345009477e-02 6.716106317707410955e-01
-3.537271659883695074e-02 -1.033129148205313430e-01 1.110397229101769967e-01 9.891166111034013428e-03 -7.028110729332970319e-02 2.189777368440954108e-01 4.144871497810448391e-01 2.255047841372877226e-02 2.877232327132071554e-01 2.096260260412975869e-03 1.432680050173367747e-01 -7.033045970583894357e-01 3.302469366752611712e-01 1.234306460208184769e-01 -1.679239667796680324e-01
-1.719630157306464568e-01 1.304610888927761614e-01 -1.538974585744044832e-01 -2.594195571063674932e-01 -6.639190151414156582e-02 -2.550094696451394964e-03 -5.336383019448690535e-01 -2.154796595683848015e-01 1.381635102146830940e-01 -6.340493379280357118e-03 1.780045249640161698e-01 -3.496454732546545041e-01 3.787519221393561425e-02 1.691011781069734210e-01 5.689580992236530355e-01
-1.964888274119649392e-01 5.220834419867702823e-03 1.342225694996787284e-04 -2.327735670702682225e-01 -1.523755502977931497e-01 2.251139104477669628e-01 2.676979896553441929e-01 1.358036378287892365e-01 2.676912095252658164e-01 -1.071025785714166227e-02 3.225491460021359669e-01 9.969167432562846265e-02 -7.351573993301214749e-01 1.278246067756897975e-01 2.523296742401813508e-02
-1.332557828400786348e-01 3.742432152727970807e-01 -2.235298946016140154e-01 -2.811372884786689785e-01 -3.071040555869584965e-02 -7.527730482591755978e-02 7.238249422410419909e-02 6.712596467185731886e-01 -4.474679123889831467e-01 -1.183228262596462341e-02 7.060938191585741652e-02 -1.792479124779370048e-01 9.281591218823732892e-02 -6.786340424392028892e-02 -6.270034360943795536e-03
3.367653573488872242e-03 7.381338816060531438e-02 9.690678963820763270e-02 6.210513616096480921e-02 -2.608989367370434173e-02 1.606405657059985226e-01 -1.376990024763878884e-01 2.897211919923721735e-01 1.356528898912256198e-01 -4.906415419983987383e-04 -5.135227649117928284e-01 7.682557279486131041e-02 1.844380181571208437e-03 7.502752844267006616e-01 -3.131549783554728877e-02
5.714136074909056950e-02 -6.998272354262274897e-01 -5.622995354647508659e-01 -2.163851173681549944e-01 2.457332011729499999e-01 1.316271042337654844e-02 8.937076049872393069e-02 1.677425596040927475e-02 -1.917159752530721850e-01 1.496238789815828403e-03 -4.774281069367349722e-02 -3.549213043637584886e-02 -2.592024806782761148e-02 1.818576128840805328e-01 3.326372541055538229e-02
-2.294539071763897209e-02 1.263997766071546514e-01 1.676194281077128534e-02 1.109257326792769706e-02 -5.279608359503652759e-02 7.646362489343432323e-01 1.970100463952120448e-02 -3.305329294012080976e-01 -5.332669391072941689e-01 7.713416475039745236e-04 -2.909407817134534655e-02 7.099941942039497862e-03 -6.739951909618295718e-03 2.607483899630537102e-02 -9.448188376500527474e-05
-8.041827635189744417e-01 -1.172797245037521079e-02 -5.032465101273192465e-02 4.239481709216517680e-01 4.124256561109128083e-01 6.340394201164911182e-03 7.022157881549309470e-03 2.075704374770822105e-02 -6.236576617886574123e-03 -1.053784191019688476e-04 6.704192816684575312e-03 2.252390705885509280e-03 2.586969542239689508e-03 -1.183952278274308205e-02 6.069204342243008157e-03
5.898033002719184348e-02 5.078740366690690823e-03 5.050092409831133944e-01 -5.054312579049531351e-01 6.962493736786152798e-01 2.816305370214135587e-02 -2.063145441164533894e-03 -1.119970790013440423e-02 -1.759572715992799991e-02 -4.807654988118545148e-05 -2.738508627161569922e-04 -1.107417187605033151e-03 -5.392838504832665964e-04 1.139127356198668629e-03 1.377469283064845958e-03
